RCT3 for NEA Mackerel
1	23	2	SAM	IBTS.index
1990	2760714.27637632	-11
1991	3159739.04039651	-11
1992	3523622.01475421	-11
1993	2946121.15378127	-11
1994	2785672.84997475	-11
1995	2548460.47622593	-11
1996	3122048.7658413	-11
1997	2867640.14392564	-11
1998	3450397.50082177	0.467656705
1999	3968901.84083774	0.638432004
2000	2679122.838913	0.232791963
2001	4746888.93320804	0.638170742
2002	8589061.21618247	0.65235593
2003	3341732.6903355	0.358648186
2004	4399493.59403459	0.809318184
2005	6388435.75109224	1.190326879
2006	11409991.7638284	1.063104797
2007	4751638.19637706	0.385761958
2008	5075826.8716764	0.636563318
2009	4269468.90820614	0.330024847
2010	5282975.29597605	0.503952216
2011	7474441.80846571	0.92553681
2012	-11	0.834884058
SAM
IBTS.index
RCT3 for NEA Mackerel
1	23	2	SAM	IBTS.index
1990	2760714.27637632	-11
1991	3159739.04039651	-11
1992	3523622.01475421	-11
1993	2946121.15378127	-11
1994	2785672.84997475	-11
1995	2548460.47622593	-11
1996	3122048.7658413	-11
1997	2867640.14392564	-11
1998	3450397.50082177	0.467656705
1999	3968901.84083774	0.638432004
2000	2679122.838913	0.232791963
2001	4746888.93320804	0.638170742
2002	8589061.21618247	0.65235593
2003	3341732.6903355	0.358648186
2004	4399493.59403459	0.809318184
2005	6388435.75109224	1.190326879
2006	11409991.7638284	1.063104797
2007	4751638.19637706	0.385761958
2008	5075826.8716764	0.636563318
2009	4269468.90820614	0.330024847
2010	5282975.29597605	0.503952216
2011	7474441.80846571	0.92553681
2012	-11	0.834884058
SAM
IBTS.index
RCT3 for NEA Mackerel
1	23	2	SAM	IBTS.index
1990	2760714.27637632	-11
1991	3159739.04039651	-11
1992	3523622.01475421	-11
1993	2946121.15378127	-11
1994	2785672.84997475	-11
1995	2548460.47622593	-11
1996	3122048.7658413	-11
1997	2867640.14392564	-11
1998	3450397.50082177	0.467656705
1999	3968901.84083774	0.638432004
2000	2679122.838913	0.232791963
2001	4746888.93320804	0.638170742
2002	8589061.21618247	0.65235593
2003	3341732.6903355	0.358648186
2004	4399493.59403459	0.809318184
2005	6388435.75109224	1.190326879
2006	11409991.7638284	1.063104797
2007	4751638.19637706	0.385761958
2008	5075826.8716764	0.636563318
2009	4269468.90820614	0.330024847
2010	5282975.29597605	0.503952216
2011	7474441.80846571	0.92553681
2012	-11	0.834884058
SAM
IBTS.index
RCT3 for NEA Mackerel
1	23	2	SAM	IBTS.index
1990	2760714.27637632	-11
1991	3159739.04039651	-11
1992	3523622.01475421	-11
1993	2946121.15378127	-11
1994	2785672.84997475	-11
1995	2548460.47622593	-11
1996	3122048.7658413	-11
1997	2867640.14392564	-11
1998	3450397.50082177	0.467656705
1999	3968901.84083774	0.638432004
2000	2679122.838913	0.232791963
2001	4746888.93320804	0.638170742
2002	8589061.21618247	0.65235593
2003	3341732.6903355	0.358648186
2004	4399493.59403459	0.809318184
2005	6388435.75109224	1.190326879
2006	11409991.7638284	1.063104797
2007	4751638.19637706	0.385761958
2008	5075826.8716764	0.636563318
2009	4269468.90820614	0.330024847
2010	5282975.29597605	0.503952216
2011	7474441.80846571	0.92553681
2012	-11	0.834884058
SAM
IBTS.index
RCT3 for NEA Mackerel
1	23	2	SAM	IBTS.index
1990	2760714.27637632	-11
1991	3159739.04039651	-11
1992	3523622.01475421	-11
1993	2946121.15378127	-11
1994	2785672.84997475	-11
1995	2548460.47622593	-11
1996	3122048.7658413	-11
1997	2867640.14392564	-11
1998	3450397.50082177	0.467656705
1999	3968901.84083774	0.638432004
2000	2679122.838913	0.232791963
2001	4746888.93320804	0.638170742
2002	8589061.21618247	0.65235593
2003	3341732.6903355	0.358648186
2004	4399493.59403459	0.809318184
2005	6388435.75109224	1.190326879
2006	11409991.7638284	1.063104797
2007	4751638.19637706	0.385761958
2008	5075826.8716764	0.636563318
2009	4269468.90820614	0.330024847
2010	5282975.29597605	0.503952216
2011	7474441.80846571	0.92553681
2012	-11	0.834884058
SAM
IBTS.index
